-75.6764243534633 42.9007226126535
-75.5778529030936 42.9007226126535
-75.3807100023542 42.9007226126535
-75.2821385519845 42.9007226126535
-75.1835671016148 42.9007226126535
-75.0849956512451 42.9007226126535
-74.9864242008754 42.9007226126535
-74.8878527505057 42.9007226126535
-76.1692816053118 42.8021510532924
-75.9721387045724 42.8021510532924
-75.8735672542027 42.8021510532924
-75.774995803833 42.8021510532924
-75.6764243534633 42.8021510532924
-75.5778529030936 42.8021510532924
-75.4792814527239 42.8021510532924
-75.3807100023542 42.8021510532924
-75.2821385519845 42.8021510532924
-75.1835671016148 42.8021510532924
-75.0849956512451 42.8021510532924
-74.9864242008754 42.8021510532924
-74.8878527505057 42.8021510532924
-74.789281300136 42.8021510532924
-76.2678530556815 42.7035794939314
-76.1692816053118 42.7035794939314
-76.0707101549421 42.7035794939314
-75.9721387045724 42.7035794939314
-75.8735672542027 42.7035794939314
-75.774995803833 42.7035794939314
-75.6764243534633 42.7035794939314
-75.5778529030936 42.7035794939314
-75.4792814527239 42.7035794939314
-75.3807100023542 42.7035794939314
-75.2821385519845 42.7035794939314
-75.1835671016148 42.7035794939314
-75.0849956512451 42.7035794939314
-74.9864242008754 42.7035794939314
-74.8878527505057 42.7035794939314
-74.789281300136 42.7035794939314
-74.6907098497663 42.7035794939314
-77.5492819104876 42.6050079345703
-77.2535675593785 42.6050079345703
-76.1692816053118 42.6050079345703
-76.0707101549421 42.6050079345703
-75.9721387045724 42.6050079345703
-75.8735672542027 42.6050079345703
-75.774995803833 42.6050079345703
-75.6764243534633 42.6050079345703
-75.5778529030936 42.6050079345703
-75.4792814527239 42.6050079345703
-75.3807100023542 42.6050079345703
-75.2821385519845 42.6050079345703
-75.1835671016148 42.6050079345703
-75.0849956512451 42.6050079345703
-74.9864242008754 42.6050079345703
-74.8878527505057 42.6050079345703
-74.789281300136 42.6050079345703
-74.6907098497663 42.6050079345703
-77.5492819104876 42.5064363752093
-77.4507104601179 42.5064363752093
-77.3521390097482 42.5064363752093
-77.2535675593785 42.5064363752093
-76.1692816053118 42.5064363752093
-76.0707101549421 42.5064363752093
-75.9721387045724 42.5064363752093
-75.8735672542027 42.5064363752093
-75.774995803833 42.5064363752093
-75.6764243534633 42.5064363752093
-75.5778529030936 42.5064363752093
-75.4792814527239 42.5064363752093
-75.3807100023542 42.5064363752093
-75.2821385519845 42.5064363752093
-75.1835671016148 42.5064363752093
-75.0849956512451 42.5064363752093
-74.9864242008754 42.5064363752093
-74.8878527505057 42.5064363752093
-74.789281300136 42.5064363752093
-74.6907098497663 42.5064363752093
-77.746424811227 42.4078648158482
-77.6478533608573 42.4078648158482
-77.5492819104876 42.4078648158482
-77.4507104601179 42.4078648158482
-77.3521390097482 42.4078648158482
-77.1549961090088 42.4078648158482
-77.0564246586391 42.4078648158482
-76.2678530556815 42.4078648158482
-76.1692816053118 42.4078648158482
-76.0707101549421 42.4078648158482
-75.9721387045724 42.4078648158482
-75.8735672542027 42.4078648158482
-75.774995803833 42.4078648158482
-75.6764243534633 42.4078648158482
-75.5778529030936 42.4078648158482
-75.4792814527239 42.4078648158482
-75.3807100023542 42.4078648158482
-75.2821385519845 42.4078648158482
-75.1835671016148 42.4078648158482
-75.0849956512451 42.4078648158482
-74.9864242008754 42.4078648158482
-74.8878527505057 42.4078648158482
-77.8449962615967 42.3092932564872
-77.746424811227 42.3092932564872
-77.6478533608573 42.3092932564872
-77.5492819104876 42.3092932564872
-77.4507104601179 42.3092932564872
-77.3521390097482 42.3092932564872
-77.2535675593785 42.3092932564872
-77.1549961090088 42.3092932564872
-77.0564246586391 42.3092932564872
-76.6621388571603 42.3092932564872
-76.4649959564209 42.3092932564872
-76.3664245060512 42.3092932564872
-76.2678530556815 42.3092932564872
-76.1692816053118 42.3092932564872
-76.0707101549421 42.3092932564872
-75.9721387045724 42.3092932564872
-75.8735672542027 42.3092932564872
-75.774995803833 42.3092932564872
-75.6764243534633 42.3092932564872
-75.5778529030936 42.3092932564872
-75.4792814527239 42.3092932564872
-75.3807100023542 42.3092932564872
-75.2821385519845 42.3092932564872
-75.1835671016148 42.3092932564872
-75.0849956512451 42.3092932564872
-77.6478533608573 42.2107216971261
-77.5492819104876 42.2107216971261
-77.4507104601179 42.2107216971261
-77.3521390097482 42.2107216971261
-77.2535675593785 42.2107216971261
-77.1549961090088 42.2107216971261
-77.0564246586391 42.2107216971261
-76.9578532082694 42.2107216971261
-76.76071030753 42.2107216971261
-76.6621388571603 42.2107216971261
-76.5635674067906 42.2107216971261
-76.4649959564209 42.2107216971261
-76.3664245060512 42.2107216971261
-76.2678530556815 42.2107216971261
-76.1692816053118 42.2107216971261
-76.0707101549421 42.2107216971261
-75.9721387045724 42.2107216971261
-75.8735672542027 42.2107216971261
-75.774995803833 42.2107216971261
-75.6764243534633 42.2107216971261
-75.5778529030936 42.2107216971261
-75.4792814527239 42.2107216971261
-77.6478533608573 42.1121501377651
-77.5492819104876 42.1121501377651
-77.4507104601179 42.1121501377651
-77.3521390097482 42.1121501377651
-77.2535675593785 42.1121501377651
-77.1549961090088 42.1121501377651
-77.0564246586391 42.1121501377651
-76.9578532082694 42.1121501377651
-76.8592817578997 42.1121501377651
-76.76071030753 42.1121501377651
-76.6621388571603 42.1121501377651
-76.5635674067906 42.1121501377651
-76.4649959564209 42.1121501377651
-76.3664245060512 42.1121501377651
-76.2678530556815 42.1121501377651
-76.1692816053118 42.1121501377651
-76.0707101549421 42.1121501377651
-75.9721387045724 42.1121501377651
-75.8735672542027 42.1121501377651
-75.774995803833 42.1121501377651
-75.6764243534633 42.1121501377651
-75.5778529030936 42.1121501377651
-77.6478533608573 42.013578578404
-77.5492819104876 42.013578578404
-77.4507104601179 42.013578578404
-77.3521390097482 42.013578578404
-77.2535675593785 42.013578578404
-77.1549961090088 42.013578578404
-77.0564246586391 42.013578578404
-76.9578532082694 42.013578578404
-76.8592817578997 42.013578578404
-76.76071030753 42.013578578404
-76.6621388571603 42.013578578404
-76.5635674067906 42.013578578404
-76.4649959564209 42.013578578404
-76.3664245060512 42.013578578404
-76.2678530556815 42.013578578404
-76.1692816053118 42.013578578404
-76.0707101549421 42.013578578404
-75.9721387045724 42.013578578404
-75.8735672542027 42.013578578404
-75.774995803833 42.013578578404
-75.6764243534633 42.013578578404
-75.5778529030936 42.013578578404
-77.6478533608573 41.915007019043
-77.5492819104876 41.915007019043
-77.4507104601179 41.915007019043
-77.3521390097482 41.915007019043
-77.2535675593785 41.915007019043
-77.1549961090088 41.915007019043
-77.0564246586391 41.915007019043
-76.9578532082694 41.915007019043
-76.8592817578997 41.915007019043
-76.76071030753 41.915007019043
-76.6621388571603 41.915007019043
-76.5635674067906 41.915007019043
-76.4649959564209 41.915007019043
-76.3664245060512 41.915007019043
-76.2678530556815 41.915007019043
-76.1692816053118 41.915007019043
-76.0707101549421 41.915007019043
-75.9721387045724 41.915007019043
-75.8735672542027 41.915007019043
-75.774995803833 41.915007019043
-75.6764243534633 41.915007019043
-75.5778529030936 41.915007019043
-75.4792814527239 41.915007019043
-77.8449962615967 41.8164354596819
-77.746424811227 41.8164354596819
-77.6478533608573 41.8164354596819
-77.5492819104876 41.8164354596819
-77.4507104601179 41.8164354596819
-77.3521390097482 41.8164354596819
-77.2535675593785 41.8164354596819
-77.1549961090088 41.8164354596819
-77.0564246586391 41.8164354596819
-76.9578532082694 41.8164354596819
-76.8592817578997 41.8164354596819
-76.76071030753 41.8164354596819
-76.6621388571603 41.8164354596819
-76.5635674067906 41.8164354596819
-76.4649959564209 41.8164354596819
-76.3664245060512 41.8164354596819
-76.2678530556815 41.8164354596819
-76.1692816053118 41.8164354596819
-76.0707101549421 41.8164354596819
-75.9721387045724 41.8164354596819
-75.8735672542027 41.8164354596819
-75.774995803833 41.8164354596819
-75.6764243534633 41.8164354596819
-75.5778529030936 41.8164354596819
-75.4792814527239 41.8164354596819
-78.0421391623361 41.7178639003209
-77.8449962615967 41.7178639003209
-77.746424811227 41.7178639003209
-77.6478533608573 41.7178639003209
-77.5492819104876 41.7178639003209
-77.4507104601179 41.7178639003209
-77.3521390097482 41.7178639003209
-77.2535675593785 41.7178639003209
-77.1549961090088 41.7178639003209
-77.0564246586391 41.7178639003209
-76.9578532082694 41.7178639003209
-76.8592817578997 41.7178639003209
-76.76071030753 41.7178639003209
-76.6621388571603 41.7178639003209
-76.5635674067906 41.7178639003209
-76.4649959564209 41.7178639003209
-76.3664245060512 41.7178639003209
-76.2678530556815 41.7178639003209
-76.1692816053118 41.7178639003209
-76.0707101549421 41.7178639003209
-75.9721387045724 41.7178639003209
-75.8735672542027 41.7178639003209
-75.774995803833 41.7178639003209
-75.6764243534633 41.7178639003209
-75.5778529030936 41.7178639003209
-75.4792814527239 41.7178639003209
-78.3378535134452 41.6192923409598
-78.2392820630755 41.6192923409598
-78.1407106127058 41.6192923409598
-78.0421391623361 41.6192923409598
-77.9435677119664 41.6192923409598
-77.8449962615967 41.6192923409598
-77.746424811227 41.6192923409598
-77.6478533608573 41.6192923409598
-77.5492819104876 41.6192923409598
-77.4507104601179 41.6192923409598
-77.3521390097482 41.6192923409598
-77.2535675593785 41.6192923409598
-77.1549961090088 41.6192923409598
-77.0564246586391 41.6192923409598
-76.9578532082694 41.6192923409598
-76.8592817578997 41.6192923409598
-76.76071030753 41.6192923409598
-76.6621388571603 41.6192923409598
-76.5635674067906 41.6192923409598
-76.4649959564209 41.6192923409598
-76.3664245060512 41.6192923409598
-76.2678530556815 41.6192923409598
-76.1692816053118 41.6192923409598
-76.0707101549421 41.6192923409598
-75.9721387045724 41.6192923409598
-75.8735672542027 41.6192923409598
-75.774995803833 41.6192923409598
-75.6764243534633 41.6192923409598
-75.5778529030936 41.6192923409598
-75.4792814527239 41.6192923409598
-78.4364249638149 41.5207207815988
-78.3378535134452 41.5207207815988
-78.2392820630755 41.5207207815988
-78.1407106127058 41.5207207815988
-78.0421391623361 41.5207207815988
-77.9435677119664 41.5207207815988
-77.8449962615967 41.5207207815988
-77.746424811227 41.5207207815988
-77.6478533608573 41.5207207815988
-77.5492819104876 41.5207207815988
-77.4507104601179 41.5207207815988
-77.3521390097482 41.5207207815988
-77.2535675593785 41.5207207815988
-77.1549961090088 41.5207207815988
-77.0564246586391 41.5207207815988
-76.9578532082694 41.5207207815988
-76.8592817578997 41.5207207815988
-76.76071030753 41.5207207815988
-76.6621388571603 41.5207207815988
-76.5635674067906 41.5207207815988
-76.4649959564209 41.5207207815988
-76.3664245060512 41.5207207815988
-76.2678530556815 41.5207207815988
-76.1692816053118 41.5207207815988
-76.0707101549421 41.5207207815988
-75.9721387045724 41.5207207815988
-75.8735672542027 41.5207207815988
-75.774995803833 41.5207207815988
-75.6764243534633 41.5207207815988
-75.5778529030936 41.5207207815988
-75.4792814527239 41.5207207815988
-78.4364249638149 41.4221492222377
-78.3378535134452 41.4221492222377
-78.2392820630755 41.4221492222377
-78.1407106127058 41.4221492222377
-78.0421391623361 41.4221492222377
-77.9435677119664 41.4221492222377
-77.8449962615967 41.4221492222377
-77.746424811227 41.4221492222377
-77.6478533608573 41.4221492222377
-77.5492819104876 41.4221492222377
-77.4507104601179 41.4221492222377
-77.3521390097482 41.4221492222377
-77.2535675593785 41.4221492222377
-77.1549961090088 41.4221492222377
-77.0564246586391 41.4221492222377
-76.9578532082694 41.4221492222377
-76.8592817578997 41.4221492222377
-76.76071030753 41.4221492222377
-76.6621388571603 41.4221492222377
-76.5635674067906 41.4221492222377
-76.4649959564209 41.4221492222377
-76.3664245060512 41.4221492222377
-76.2678530556815 41.4221492222377
-76.1692816053118 41.4221492222377
-76.0707101549421 41.4221492222377
-75.9721387045724 41.4221492222377
-75.8735672542027 41.4221492222377
-75.774995803833 41.4221492222377
-75.6764243534633 41.4221492222377
-75.5778529030936 41.4221492222377
-78.5349964141846 41.3235776628767
-78.4364249638149 41.3235776628767
-78.3378535134452 41.3235776628767
-78.2392820630755 41.3235776628767
-78.1407106127058 41.3235776628767
-78.0421391623361 41.3235776628767
-77.9435677119664 41.3235776628767
-77.8449962615967 41.3235776628767
-77.746424811227 41.3235776628767
-77.6478533608573 41.3235776628767
-77.5492819104876 41.3235776628767
-77.4507104601179 41.3235776628767
-77.3521390097482 41.3235776628767
-77.2535675593785 41.3235776628767
-77.1549961090088 41.3235776628767
-77.0564246586391 41.3235776628767
-76.9578532082694 41.3235776628767
-76.8592817578997 41.3235776628767
-76.76071030753 41.3235776628767
-76.6621388571603 41.3235776628767
-76.5635674067906 41.3235776628767
-76.4649959564209 41.3235776628767
-76.3664245060512 41.3235776628767
-76.2678530556815 41.3235776628767
-76.1692816053118 41.3235776628767
-76.0707101549421 41.3235776628767
-75.9721387045724 41.3235776628767
-75.8735672542027 41.3235776628767
-75.774995803833 41.3235776628767
-75.6764243534633 41.3235776628767
-75.5778529030936 41.3235776628767
-75.4792814527239 41.3235776628767
-78.6335678645543 41.2250061035156
-78.5349964141846 41.2250061035156
-78.4364249638149 41.2250061035156
-78.3378535134452 41.2250061035156
-78.2392820630755 41.2250061035156
-78.1407106127058 41.2250061035156
-78.0421391623361 41.2250061035156
-77.9435677119664 41.2250061035156
-77.8449962615967 41.2250061035156
-77.746424811227 41.2250061035156
-77.6478533608573 41.2250061035156
-77.5492819104876 41.2250061035156
-77.4507104601179 41.2250061035156
-77.3521390097482 41.2250061035156
-77.2535675593785 41.2250061035156
-77.1549961090088 41.2250061035156
-77.0564246586391 41.2250061035156
-76.9578532082694 41.2250061035156
-76.8592817578997 41.2250061035156
-76.76071030753 41.2250061035156
-76.6621388571603 41.2250061035156
-76.5635674067906 41.2250061035156
-76.4649959564209 41.2250061035156
-76.3664245060512 41.2250061035156
-76.2678530556815 41.2250061035156
-76.1692816053118 41.2250061035156
-76.0707101549421 41.2250061035156
-75.9721387045724 41.2250061035156
-75.8735672542027 41.2250061035156
-75.774995803833 41.2250061035156
-78.6335678645543 41.1264345441546
-78.5349964141846 41.1264345441546
-78.4364249638149 41.1264345441546
-78.3378535134452 41.1264345441546
-78.2392820630755 41.1264345441546
-78.1407106127058 41.1264345441546
-78.0421391623361 41.1264345441546
-77.9435677119664 41.1264345441546
-77.8449962615967 41.1264345441546
-77.746424811227 41.1264345441546
-77.6478533608573 41.1264345441546
-77.5492819104876 41.1264345441546
-77.4507104601179 41.1264345441546
-77.3521390097482 41.1264345441546
-77.2535675593785 41.1264345441546
-77.1549961090088 41.1264345441546
-77.0564246586391 41.1264345441546
-76.9578532082694 41.1264345441546
-76.8592817578997 41.1264345441546
-76.76071030753 41.1264345441546
-76.6621388571603 41.1264345441546
-76.5635674067906 41.1264345441546
-76.4649959564209 41.1264345441546
-76.3664245060512 41.1264345441546
-76.2678530556815 41.1264345441546
-76.1692816053118 41.1264345441546
-76.0707101549421 41.1264345441546
-75.9721387045724 41.1264345441546
-75.8735672542027 41.1264345441546
-78.6335678645543 41.0278629847935
-78.5349964141846 41.0278629847935
-78.4364249638149 41.0278629847935
-78.3378535134452 41.0278629847935
-78.2392820630755 41.0278629847935
-78.1407106127058 41.0278629847935
-78.0421391623361 41.0278629847935
-77.9435677119664 41.0278629847935
-77.8449962615967 41.0278629847935
-77.746424811227 41.0278629847935
-77.6478533608573 41.0278629847935
-77.5492819104876 41.0278629847935
-77.4507104601179 41.0278629847935
-77.3521390097482 41.0278629847935
-77.2535675593785 41.0278629847935
-77.1549961090088 41.0278629847935
-77.0564246586391 41.0278629847935
-76.9578532082694 41.0278629847935
-76.8592817578997 41.0278629847935
-76.76071030753 41.0278629847935
-76.6621388571603 41.0278629847935
-76.5635674067906 41.0278629847935
-76.4649959564209 41.0278629847935
-76.3664245060512 41.0278629847935
-76.2678530556815 41.0278629847935
-76.1692816053118 41.0278629847935
-76.0707101549421 41.0278629847935
-75.9721387045724 41.0278629847935
-78.732139314924 40.9292914254325
-78.6335678645543 40.9292914254325
-78.5349964141846 40.9292914254325
-78.4364249638149 40.9292914254325
-78.3378535134452 40.9292914254325
-78.2392820630755 40.9292914254325
-78.1407106127058 40.9292914254325
-78.0421391623361 40.9292914254325
-77.9435677119664 40.9292914254325
-77.8449962615967 40.9292914254325
-77.746424811227 40.9292914254325
-77.6478533608573 40.9292914254325
-77.5492819104876 40.9292914254325
-77.4507104601179 40.9292914254325
-77.3521390097482 40.9292914254325
-77.2535675593785 40.9292914254325
-77.1549961090088 40.9292914254325
-77.0564246586391 40.9292914254325
-76.9578532082694 40.9292914254325
-76.8592817578997 40.9292914254325
-76.76071030753 40.9292914254325
-76.6621388571603 40.9292914254325
-76.5635674067906 40.9292914254325
-76.4649959564209 40.9292914254325
-76.3664245060512 40.9292914254325
-76.2678530556815 40.9292914254325
-76.1692816053118 40.9292914254325
-76.0707101549421 40.9292914254325
-78.8307107652937 40.8307198660714
-78.732139314924 40.8307198660714
-78.6335678645543 40.8307198660714
-78.5349964141846 40.8307198660714
-78.4364249638149 40.8307198660714
-78.3378535134452 40.8307198660714
-78.2392820630755 40.8307198660714
-78.1407106127058 40.8307198660714
-78.0421391623361 40.8307198660714
-77.9435677119664 40.8307198660714
-77.8449962615967 40.8307198660714
-77.746424811227 40.8307198660714
-77.6478533608573 40.8307198660714
-77.5492819104876 40.8307198660714
-77.4507104601179 40.8307198660714
-77.3521390097482 40.8307198660714
-77.2535675593785 40.8307198660714
-77.1549961090088 40.8307198660714
-77.0564246586391 40.8307198660714
-76.9578532082694 40.8307198660714
-76.8592817578997 40.8307198660714
-76.76071030753 40.8307198660714
-76.6621388571603 40.8307198660714
-76.5635674067906 40.8307198660714
-76.4649959564209 40.8307198660714
-76.3664245060512 40.8307198660714
-76.2678530556815 40.8307198660714
-76.1692816053118 40.8307198660714
-78.8307107652937 40.7321483067104
-78.732139314924 40.7321483067104
-78.6335678645543 40.7321483067104
-78.5349964141846 40.7321483067104
-78.4364249638149 40.7321483067104
-78.3378535134452 40.7321483067104
-78.2392820630755 40.7321483067104
-78.1407106127058 40.7321483067104
-78.0421391623361 40.7321483067104
-77.9435677119664 40.7321483067104
-77.8449962615967 40.7321483067104
-77.746424811227 40.7321483067104
-77.6478533608573 40.7321483067104
-77.5492819104876 40.7321483067104
-77.4507104601179 40.7321483067104
-77.3521390097482 40.7321483067104
-77.2535675593785 40.7321483067104
-77.1549961090088 40.7321483067104
-77.0564246586391 40.7321483067104
-76.9578532082694 40.7321483067104
-76.8592817578997 40.7321483067104
-76.76071030753 40.7321483067104
-76.6621388571603 40.7321483067104
-76.5635674067906 40.7321483067104
-76.4649959564209 40.7321483067104
-76.3664245060512 40.7321483067104
-78.8307107652937 40.6335767473493
-78.732139314924 40.6335767473493
-78.6335678645543 40.6335767473493
-78.5349964141846 40.6335767473493
-78.4364249638149 40.6335767473493
-78.3378535134452 40.6335767473493
-78.2392820630755 40.6335767473493
-78.1407106127058 40.6335767473493
-78.0421391623361 40.6335767473493
-77.9435677119664 40.6335767473493
-77.8449962615967 40.6335767473493
-77.746424811227 40.6335767473493
-77.6478533608573 40.6335767473493
-77.5492819104876 40.6335767473493
-77.4507104601179 40.6335767473493
-77.3521390097482 40.6335767473493
-77.2535675593785 40.6335767473493
-77.1549961090088 40.6335767473493
-77.0564246586391 40.6335767473493
-76.9578532082694 40.6335767473493
-76.8592817578997 40.6335767473493
-76.76071030753 40.6335767473493
-76.6621388571603 40.6335767473493
-76.5635674067906 40.6335767473493
-76.4649959564209 40.6335767473493
-76.3664245060512 40.6335767473493
-76.2678530556815 40.6335767473493
-78.732139314924 40.5350051879883
-78.6335678645543 40.5350051879883
-78.5349964141846 40.5350051879883
-78.4364249638149 40.5350051879883
-78.3378535134452 40.5350051879883
-78.2392820630755 40.5350051879883
-78.1407106127058 40.5350051879883
-78.0421391623361 40.5350051879883
-77.9435677119664 40.5350051879883
-77.8449962615967 40.5350051879883
-77.746424811227 40.5350051879883
-77.6478533608573 40.5350051879883
-77.5492819104876 40.5350051879883
-77.4507104601179 40.5350051879883
-77.3521390097482 40.5350051879883
-77.2535675593785 40.5350051879883
-77.1549961090088 40.5350051879883
-77.0564246586391 40.5350051879883
-76.9578532082694 40.5350051879883
-76.8592817578997 40.5350051879883
-76.76071030753 40.5350051879883
-76.6621388571603 40.5350051879883
-76.5635674067906 40.5350051879883
-76.4649959564209 40.5350051879883
-76.3664245060512 40.5350051879883
-76.2678530556815 40.5350051879883
-78.5349964141846 40.4364336286272
-78.4364249638149 40.4364336286272
-78.3378535134452 40.4364336286272
-78.2392820630755 40.4364336286272
-78.1407106127058 40.4364336286272
-78.0421391623361 40.4364336286272
-77.9435677119664 40.4364336286272
-77.8449962615967 40.4364336286272
-77.746424811227 40.4364336286272
-77.6478533608573 40.4364336286272
-77.5492819104876 40.4364336286272
-77.4507104601179 40.4364336286272
-77.3521390097482 40.4364336286272
-77.2535675593785 40.4364336286272
-77.1549961090088 40.4364336286272
-77.0564246586391 40.4364336286272
-76.9578532082694 40.4364336286272
-76.8592817578997 40.4364336286272
-76.76071030753 40.4364336286272
-76.6621388571603 40.4364336286272
-76.5635674067906 40.4364336286272
-76.4649959564209 40.4364336286272
-76.3664245060512 40.4364336286272
-76.2678530556815 40.4364336286272
-78.5349964141846 40.3378620692662
-78.4364249638149 40.3378620692662
-78.3378535134452 40.3378620692662
-78.2392820630755 40.3378620692662
-78.1407106127058 40.3378620692662
-78.0421391623361 40.3378620692662
-77.9435677119664 40.3378620692662
-77.8449962615967 40.3378620692662
-77.746424811227 40.3378620692662
-77.6478533608573 40.3378620692662
-77.5492819104876 40.3378620692662
-77.4507104601179 40.3378620692662
-77.3521390097482 40.3378620692662
-77.2535675593785 40.3378620692662
-77.1549961090088 40.3378620692662
-77.0564246586391 40.3378620692662
-76.9578532082694 40.3378620692662
-76.8592817578997 40.3378620692662
-76.76071030753 40.3378620692662
-76.6621388571603 40.3378620692662
-76.5635674067906 40.3378620692662
-76.4649959564209 40.3378620692662
-76.3664245060512 40.3378620692662
-78.6335678645543 40.2392905099051
-78.5349964141846 40.2392905099051
-78.4364249638149 40.2392905099051
-78.3378535134452 40.2392905099051
-78.2392820630755 40.2392905099051
-78.1407106127058 40.2392905099051
-78.0421391623361 40.2392905099051
-77.9435677119664 40.2392905099051
-77.8449962615967 40.2392905099051
-77.746424811227 40.2392905099051
-77.6478533608573 40.2392905099051
-77.5492819104876 40.2392905099051
-77.4507104601179 40.2392905099051
-77.3521390097482 40.2392905099051
-77.2535675593785 40.2392905099051
-77.1549961090088 40.2392905099051
-77.0564246586391 40.2392905099051
-76.9578532082694 40.2392905099051
-76.8592817578997 40.2392905099051
-76.76071030753 40.2392905099051
-76.6621388571603 40.2392905099051
-76.5635674067906 40.2392905099051
-76.4649959564209 40.2392905099051
-76.3664245060512 40.2392905099051
-76.2678530556815 40.2392905099051
-76.1692816053118 40.2392905099051
-76.0707101549421 40.2392905099051
-78.6335678645543 40.1407189505441
-78.5349964141846 40.1407189505441
-78.4364249638149 40.1407189505441
-78.3378535134452 40.1407189505441
-78.2392820630755 40.1407189505441
-78.1407106127058 40.1407189505441
-78.0421391623361 40.1407189505441
-77.9435677119664 40.1407189505441
-77.8449962615967 40.1407189505441
-77.746424811227 40.1407189505441
-77.6478533608573 40.1407189505441
-77.5492819104876 40.1407189505441
-77.4507104601179 40.1407189505441
-77.3521390097482 40.1407189505441
-77.2535675593785 40.1407189505441
-77.1549961090088 40.1407189505441
-77.0564246586391 40.1407189505441
-76.9578532082694 40.1407189505441
-76.8592817578997 40.1407189505441
-76.76071030753 40.1407189505441
-76.6621388571603 40.1407189505441
-76.5635674067906 40.1407189505441
-76.4649959564209 40.1407189505441
-76.3664245060512 40.1407189505441
-76.2678530556815 40.1407189505441
-76.1692816053118 40.1407189505441
-76.0707101549421 40.1407189505441
-75.9721387045724 40.1407189505441
-75.8735672542027 40.1407189505441
-78.732139314924 40.042147391183
-78.6335678645543 40.042147391183
-78.5349964141846 40.042147391183
-78.4364249638149 40.042147391183
-78.3378535134452 40.042147391183
-78.2392820630755 40.042147391183
-78.1407106127058 40.042147391183
-78.0421391623361 40.042147391183
-77.9435677119664 40.042147391183
-77.8449962615967 40.042147391183
-77.746424811227 40.042147391183
-77.6478533608573 40.042147391183
-77.5492819104876 40.042147391183
-77.4507104601179 40.042147391183
-77.3521390097482 40.042147391183
-77.2535675593785 40.042147391183
-77.1549961090088 40.042147391183
-77.0564246586391 40.042147391183
-76.9578532082694 40.042147391183
-76.8592817578997 40.042147391183
-76.76071030753 40.042147391183
-76.6621388571603 40.042147391183
-76.5635674067906 40.042147391183
-76.4649959564209 40.042147391183
-76.3664245060512 40.042147391183
-76.2678530556815 40.042147391183
-76.1692816053118 40.042147391183
-76.0707101549421 40.042147391183
-75.9721387045724 40.042147391183
-78.8307107652937 39.943575831822
-78.732139314924 39.943575831822
-78.6335678645543 39.943575831822
-78.5349964141846 39.943575831822
-78.4364249638149 39.943575831822
-78.3378535134452 39.943575831822
-78.2392820630755 39.943575831822
-78.1407106127058 39.943575831822
-78.0421391623361 39.943575831822
-77.9435677119664 39.943575831822
-77.8449962615967 39.943575831822
-77.746424811227 39.943575831822
-77.6478533608573 39.943575831822
-77.5492819104876 39.943575831822
-77.4507104601179 39.943575831822
-77.3521390097482 39.943575831822
-77.2535675593785 39.943575831822
-77.1549961090088 39.943575831822
-77.0564246586391 39.943575831822
-76.9578532082694 39.943575831822
-76.8592817578997 39.943575831822
-76.76071030753 39.943575831822
-76.6621388571603 39.943575831822
-76.5635674067906 39.943575831822
-76.4649959564209 39.943575831822
-76.3664245060512 39.943575831822
-76.2678530556815 39.943575831822
-76.1692816053118 39.943575831822
-76.0707101549421 39.943575831822
-75.9721387045724 39.943575831822
-78.9292822156634 39.8450042724609
-78.8307107652937 39.8450042724609
-78.732139314924 39.8450042724609
-78.6335678645543 39.8450042724609
-78.5349964141846 39.8450042724609
-78.4364249638149 39.8450042724609
-78.3378535134452 39.8450042724609
-78.2392820630755 39.8450042724609
-78.1407106127058 39.8450042724609
-78.0421391623361 39.8450042724609
-77.9435677119664 39.8450042724609
-77.8449962615967 39.8450042724609
-77.746424811227 39.8450042724609
-77.6478533608573 39.8450042724609
-77.5492819104876 39.8450042724609
-77.4507104601179 39.8450042724609
-77.3521390097482 39.8450042724609
-77.2535675593785 39.8450042724609
-77.1549961090088 39.8450042724609
-77.0564246586391 39.8450042724609
-76.9578532082694 39.8450042724609
-76.8592817578997 39.8450042724609
-76.76071030753 39.8450042724609
-76.6621388571603 39.8450042724609
-76.5635674067906 39.8450042724609
-76.4649959564209 39.8450042724609
-76.3664245060512 39.8450042724609
-76.2678530556815 39.8450042724609
-76.1692816053118 39.8450042724609
-76.0707101549421 39.8450042724609
-75.9721387045724 39.8450042724609
-75.8735672542027 39.8450042724609
-78.9292822156634 39.7464327130999
-78.8307107652937 39.7464327130999
-78.732139314924 39.7464327130999
-78.6335678645543 39.7464327130999
-78.5349964141846 39.7464327130999
-78.4364249638149 39.7464327130999
-78.3378535134452 39.7464327130999
-78.2392820630755 39.7464327130999
-78.1407106127058 39.7464327130999
-78.0421391623361 39.7464327130999
-77.9435677119664 39.7464327130999
-77.8449962615967 39.7464327130999
-77.746424811227 39.7464327130999
-77.6478533608573 39.7464327130999
-77.5492819104876 39.7464327130999
-77.4507104601179 39.7464327130999
-77.3521390097482 39.7464327130999
-77.2535675593785 39.7464327130999
-77.1549961090088 39.7464327130999
-77.0564246586391 39.7464327130999
-76.9578532082694 39.7464327130999
-76.8592817578997 39.7464327130999
-76.76071030753 39.7464327130999
-76.6621388571603 39.7464327130999
-76.5635674067906 39.7464327130999
-76.4649959564209 39.7464327130999
-76.3664245060512 39.7464327130999
-76.2678530556815 39.7464327130999
-76.1692816053118 39.7464327130999
-76.0707101549421 39.7464327130999
-75.9721387045724 39.7464327130999
-75.8735672542027 39.7464327130999
-79.0278536660331 39.6478611537388
-78.9292822156634 39.6478611537388
-78.8307107652937 39.6478611537388
-78.732139314924 39.6478611537388
-78.6335678645543 39.6478611537388
-78.5349964141846 39.6478611537388
-78.4364249638149 39.6478611537388
-78.3378535134452 39.6478611537388
-78.2392820630755 39.6478611537388
-78.1407106127058 39.6478611537388
-78.0421391623361 39.6478611537388
-77.9435677119664 39.6478611537388
-77.8449962615967 39.6478611537388
-77.746424811227 39.6478611537388
-77.6478533608573 39.6478611537388
-77.5492819104876 39.6478611537388
-77.4507104601179 39.6478611537388
-77.3521390097482 39.6478611537388
-77.2535675593785 39.6478611537388
-77.1549961090088 39.6478611537388
-77.0564246586391 39.6478611537388
-76.9578532082694 39.6478611537388
-76.8592817578997 39.6478611537388
-76.76071030753 39.6478611537388
-76.6621388571603 39.6478611537388
-76.5635674067906 39.6478611537388
-76.4649959564209 39.6478611537388
-76.3664245060512 39.6478611537388
-76.2678530556815 39.6478611537388
-76.1692816053118 39.6478611537388
-76.0707101549421 39.6478611537388
-75.9721387045724 39.6478611537388
-75.8735672542027 39.6478611537388
-75.774995803833 39.6478611537388
-79.2249965667725 39.5492895943778
-79.1264251164028 39.5492895943778
-79.0278536660331 39.5492895943778
-78.9292822156634 39.5492895943778
-78.8307107652937 39.5492895943778
-78.732139314924 39.5492895943778
-78.6335678645543 39.5492895943778
-78.5349964141846 39.5492895943778
-78.4364249638149 39.5492895943778
-78.3378535134452 39.5492895943778
-78.2392820630755 39.5492895943778
-78.1407106127058 39.5492895943778
-78.0421391623361 39.5492895943778
-77.9435677119664 39.5492895943778
-77.8449962615967 39.5492895943778
-77.746424811227 39.5492895943778
-77.6478533608573 39.5492895943778
-77.5492819104876 39.5492895943778
-77.4507104601179 39.5492895943778
-77.3521390097482 39.5492895943778
-77.2535675593785 39.5492895943778
-77.1549961090088 39.5492895943778
-77.0564246586391 39.5492895943778
-76.9578532082694 39.5492895943778
-76.8592817578997 39.5492895943778
-76.76071030753 39.5492895943778
-76.6621388571603 39.5492895943778
-76.5635674067906 39.5492895943778
-76.4649959564209 39.5492895943778
-76.3664245060512 39.5492895943778
-76.2678530556815 39.5492895943778
-76.1692816053118 39.5492895943778
-76.0707101549421 39.5492895943778
-75.9721387045724 39.5492895943778
-75.8735672542027 39.5492895943778
-75.774995803833 39.5492895943778
-79.2249965667725 39.4507180350167
-79.1264251164028 39.4507180350167
-79.0278536660331 39.4507180350167
-78.9292822156634 39.4507180350167
-78.8307107652937 39.4507180350167
-78.732139314924 39.4507180350167
-78.6335678645543 39.4507180350167
-78.5349964141846 39.4507180350167
-78.4364249638149 39.4507180350167
-78.3378535134452 39.4507180350167
-78.2392820630755 39.4507180350167
-78.1407106127058 39.4507180350167
-78.0421391623361 39.4507180350167
-77.9435677119664 39.4507180350167
-77.8449962615967 39.4507180350167
-77.746424811227 39.4507180350167
-77.6478533608573 39.4507180350167
-77.5492819104876 39.4507180350167
-77.4507104601179 39.4507180350167
-77.3521390097482 39.4507180350167
-77.2535675593785 39.4507180350167
-77.1549961090088 39.4507180350167
-77.0564246586391 39.4507180350167
-76.9578532082694 39.4507180350167
-76.8592817578997 39.4507180350167
-76.76071030753 39.4507180350167
-76.6621388571603 39.4507180350167
-76.5635674067906 39.4507180350167
-76.4649959564209 39.4507180350167
-76.3664245060512 39.4507180350167
-76.2678530556815 39.4507180350167
-76.1692816053118 39.4507180350167
-76.0707101549421 39.4507180350167
-75.9721387045724 39.4507180350167
-75.8735672542027 39.4507180350167
-75.774995803833 39.4507180350167
-79.3235680171422 39.3521464756557
-79.2249965667725 39.3521464756557
-79.1264251164028 39.3521464756557
-79.0278536660331 39.3521464756557
-78.9292822156634 39.3521464756557
-78.8307107652937 39.3521464756557
-78.732139314924 39.3521464756557
-78.6335678645543 39.3521464756557
-78.5349964141846 39.3521464756557
-78.4364249638149 39.3521464756557
-78.3378535134452 39.3521464756557
-78.2392820630755 39.3521464756557
-78.1407106127058 39.3521464756557
-78.0421391623361 39.3521464756557
-77.9435677119664 39.3521464756557
-77.8449962615967 39.3521464756557
-77.746424811227 39.3521464756557
-77.6478533608573 39.3521464756557
-77.5492819104876 39.3521464756557
-77.4507104601179 39.3521464756557
-77.3521390097482 39.3521464756557
-77.2535675593785 39.3521464756557
-77.1549961090088 39.3521464756557
-77.0564246586391 39.3521464756557
-76.9578532082694 39.3521464756557
-76.8592817578997 39.3521464756557
-76.76071030753 39.3521464756557
-76.6621388571603 39.3521464756557
-76.5635674067906 39.3521464756557
-76.4649959564209 39.3521464756557
-76.3664245060512 39.3521464756557
-76.2678530556815 39.3521464756557
-76.1692816053118 39.3521464756557
-76.0707101549421 39.3521464756557
-75.9721387045724 39.3521464756557
-75.8735672542027 39.3521464756557
-75.774995803833 39.3521464756557
-79.4221394675119 39.2535749162946
-79.3235680171422 39.2535749162946
-79.2249965667725 39.2535749162946
-79.1264251164028 39.2535749162946
-79.0278536660331 39.2535749162946
-78.9292822156634 39.2535749162946
-78.8307107652937 39.2535749162946
-78.732139314924 39.2535749162946
-78.6335678645543 39.2535749162946
-78.5349964141846 39.2535749162946
-78.4364249638149 39.2535749162946
-78.3378535134452 39.2535749162946
-78.2392820630755 39.2535749162946
-78.1407106127058 39.2535749162946
-78.0421391623361 39.2535749162946
-77.9435677119664 39.2535749162946
-77.8449962615967 39.2535749162946
-77.746424811227 39.2535749162946
-77.6478533608573 39.2535749162946
-77.5492819104876 39.2535749162946
-77.4507104601179 39.2535749162946
-77.3521390097482 39.2535749162946
-77.2535675593785 39.2535749162946
-77.1549961090088 39.2535749162946
-77.0564246586391 39.2535749162946
-76.9578532082694 39.2535749162946
-76.8592817578997 39.2535749162946
-76.76071030753 39.2535749162946
-76.6621388571603 39.2535749162946
-76.5635674067906 39.2535749162946
-76.4649959564209 39.2535749162946
-76.3664245060512 39.2535749162946
-76.2678530556815 39.2535749162946
-76.1692816053118 39.2535749162946
-76.0707101549421 39.2535749162946
-75.9721387045724 39.2535749162946
-75.8735672542027 39.2535749162946
-75.774995803833 39.2535749162946
-79.3235680171422 39.1550033569336
-79.2249965667725 39.1550033569336
-79.1264251164028 39.1550033569336
-79.0278536660331 39.1550033569336
-78.9292822156634 39.1550033569336
-78.8307107652937 39.1550033569336
-78.732139314924 39.1550033569336
-78.6335678645543 39.1550033569336
-78.5349964141846 39.1550033569336
-78.4364249638149 39.1550033569336
-78.3378535134452 39.1550033569336
-78.2392820630755 39.1550033569336
-78.1407106127058 39.1550033569336
-78.0421391623361 39.1550033569336
-77.9435677119664 39.1550033569336
-77.8449962615967 39.1550033569336
-77.746424811227 39.1550033569336
-77.6478533608573 39.1550033569336
-77.5492819104876 39.1550033569336
-77.4507104601179 39.1550033569336
-77.3521390097482 39.1550033569336
-77.2535675593785 39.1550033569336
-77.1549961090088 39.1550033569336
-77.0564246586391 39.1550033569336
-76.9578532082694 39.1550033569336
-76.8592817578997 39.1550033569336
-76.76071030753 39.1550033569336
-76.6621388571603 39.1550033569336
-76.5635674067906 39.1550033569336
-76.4649959564209 39.1550033569336
-76.3664245060512 39.1550033569336
-76.2678530556815 39.1550033569336
-76.1692816053118 39.1550033569336
-76.0707101549421 39.1550033569336
-75.9721387045724 39.1550033569336
-75.8735672542027 39.1550033569336
-75.774995803833 39.1550033569336
-75.6764243534633 39.1550033569336
-79.2249965667725 39.0564317975725
-79.1264251164028 39.0564317975725
-79.0278536660331 39.0564317975725
-78.9292822156634 39.0564317975725
-78.8307107652937 39.0564317975725
-78.732139314924 39.0564317975725
-78.6335678645543 39.0564317975725
-78.5349964141846 39.0564317975725
-78.4364249638149 39.0564317975725
-78.3378535134452 39.0564317975725
-78.2392820630755 39.0564317975725
-78.1407106127058 39.0564317975725
-78.0421391623361 39.0564317975725
-77.9435677119664 39.0564317975725
-77.8449962615967 39.0564317975725
-77.746424811227 39.0564317975725
-77.6478533608573 39.0564317975725
-77.5492819104876 39.0564317975725
-77.4507104601179 39.0564317975725
-77.3521390097482 39.0564317975725
-77.2535675593785 39.0564317975725
-77.1549961090088 39.0564317975725
-77.0564246586391 39.0564317975725
-76.9578532082694 39.0564317975725
-76.8592817578997 39.0564317975725
-76.76071030753 39.0564317975725
-76.6621388571603 39.0564317975725
-76.5635674067906 39.0564317975725
-76.4649959564209 39.0564317975725
-76.3664245060512 39.0564317975725
-76.2678530556815 39.0564317975725
-76.1692816053118 39.0564317975725
-76.0707101549421 39.0564317975725
-75.9721387045724 39.0564317975725
-75.8735672542027 39.0564317975725
-75.774995803833 39.0564317975725
-75.6764243534633 39.0564317975725
-79.3235680171422 38.9578602382115
-79.2249965667725 38.9578602382115
-79.1264251164028 38.9578602382115
-79.0278536660331 38.9578602382115
-78.9292822156634 38.9578602382115
-78.8307107652937 38.9578602382115
-78.732139314924 38.9578602382115
-78.6335678645543 38.9578602382115
-78.5349964141846 38.9578602382115
-78.4364249638149 38.9578602382115
-78.3378535134452 38.9578602382115
-78.2392820630755 38.9578602382115
-78.1407106127058 38.9578602382115
-78.0421391623361 38.9578602382115
-77.9435677119664 38.9578602382115
-77.8449962615967 38.9578602382115
-77.746424811227 38.9578602382115
-77.6478533608573 38.9578602382115
-77.5492819104876 38.9578602382115
-77.4507104601179 38.9578602382115
-77.3521390097482 38.9578602382115
-77.2535675593785 38.9578602382115
-77.1549961090088 38.9578602382115
-77.0564246586391 38.9578602382115
-76.9578532082694 38.9578602382115
-76.8592817578997 38.9578602382115
-76.76071030753 38.9578602382115
-76.6621388571603 38.9578602382115
-76.5635674067906 38.9578602382115
-76.4649959564209 38.9578602382115
-76.3664245060512 38.9578602382115
-76.2678530556815 38.9578602382115
-76.1692816053118 38.9578602382115
-76.0707101549421 38.9578602382115
-75.9721387045724 38.9578602382115
-75.8735672542027 38.9578602382115
-75.774995803833 38.9578602382115
-75.6764243534633 38.9578602382115
-79.4221394675119 38.8592886788504
-79.3235680171422 38.8592886788504
-79.2249965667725 38.8592886788504
-79.1264251164028 38.8592886788504
-79.0278536660331 38.8592886788504
-78.9292822156634 38.8592886788504
-78.8307107652937 38.8592886788504
-78.732139314924 38.8592886788504
-78.6335678645543 38.8592886788504
-78.5349964141846 38.8592886788504
-78.4364249638149 38.8592886788504
-78.3378535134452 38.8592886788504
-78.2392820630755 38.8592886788504
-78.1407106127058 38.8592886788504
-78.0421391623361 38.8592886788504
-77.9435677119664 38.8592886788504
-77.8449962615967 38.8592886788504
-77.746424811227 38.8592886788504
-77.6478533608573 38.8592886788504
-77.5492819104876 38.8592886788504
-77.4507104601179 38.8592886788504
-77.3521390097482 38.8592886788504
-77.2535675593785 38.8592886788504
-77.1549961090088 38.8592886788504
-77.0564246586391 38.8592886788504
-76.9578532082694 38.8592886788504
-76.8592817578997 38.8592886788504
-76.76071030753 38.8592886788504
-76.6621388571603 38.8592886788504
-76.5635674067906 38.8592886788504
-76.4649959564209 38.8592886788504
-76.3664245060512 38.8592886788504
-76.2678530556815 38.8592886788504
-76.1692816053118 38.8592886788504
-76.0707101549421 38.8592886788504
-75.9721387045724 38.8592886788504
-75.8735672542027 38.8592886788504
-75.774995803833 38.8592886788504
-75.6764243534633 38.8592886788504
-75.5778529030936 38.8592886788504
-79.5207109178816 38.7607171194894
-79.4221394675119 38.7607171194894
-79.3235680171422 38.7607171194894
-79.2249965667725 38.7607171194894
-79.1264251164028 38.7607171194894
-79.0278536660331 38.7607171194894
-78.9292822156634 38.7607171194894
-78.8307107652937 38.7607171194894
-78.732139314924 38.7607171194894
-78.6335678645543 38.7607171194894
-78.5349964141846 38.7607171194894
-78.4364249638149 38.7607171194894
-78.3378535134452 38.7607171194894
-78.2392820630755 38.7607171194894
-78.1407106127058 38.7607171194894
-78.0421391623361 38.7607171194894
-77.9435677119664 38.7607171194894
-77.8449962615967 38.7607171194894
-77.746424811227 38.7607171194894
-77.6478533608573 38.7607171194894
-77.5492819104876 38.7607171194894
-77.4507104601179 38.7607171194894
-77.3521390097482 38.7607171194894
-77.2535675593785 38.7607171194894
-77.1549961090088 38.7607171194894
-77.0564246586391 38.7607171194894
-76.9578532082694 38.7607171194894
-76.8592817578997 38.7607171194894
-76.76071030753 38.7607171194894
-76.6621388571603 38.7607171194894
-76.5635674067906 38.7607171194894
-76.4649959564209 38.7607171194894
-76.3664245060512 38.7607171194894
-76.2678530556815 38.7607171194894
-76.1692816053118 38.7607171194894
-76.0707101549421 38.7607171194894
-75.9721387045724 38.7607171194894
-75.8735672542027 38.7607171194894
-75.774995803833 38.7607171194894
-75.6764243534633 38.7607171194894
-75.5778529030936 38.7607171194894
-75.4792814527239 38.7607171194894
-79.6192823682513 38.6621455601284
-79.5207109178816 38.6621455601284
-79.4221394675119 38.6621455601284
-79.3235680171422 38.6621455601284
-79.2249965667725 38.6621455601284
-79.1264251164028 38.6621455601284
-79.0278536660331 38.6621455601284
-78.9292822156634 38.6621455601284
-78.8307107652937 38.6621455601284
-78.732139314924 38.6621455601284
-78.6335678645543 38.6621455601284
-78.5349964141846 38.6621455601284
-78.4364249638149 38.6621455601284
-78.3378535134452 38.6621455601284
-78.2392820630755 38.6621455601284
-78.1407106127058 38.6621455601284
-78.0421391623361 38.6621455601284
-77.9435677119664 38.6621455601284
-77.8449962615967 38.6621455601284
-77.746424811227 38.6621455601284
-77.6478533608573 38.6621455601284
-77.5492819104876 38.6621455601284
-77.4507104601179 38.6621455601284
-77.3521390097482 38.6621455601284
-77.2535675593785 38.6621455601284
-77.1549961090088 38.6621455601284
-77.0564246586391 38.6621455601284
-76.9578532082694 38.6621455601284
-76.8592817578997 38.6621455601284
-76.76071030753 38.6621455601284
-76.6621388571603 38.6621455601284
-76.5635674067906 38.6621455601284
-76.4649959564209 38.6621455601284
-76.3664245060512 38.6621455601284
-76.2678530556815 38.6621455601284
-76.1692816053118 38.6621455601284
-76.0707101549421 38.6621455601284
-75.9721387045724 38.6621455601284
-75.8735672542027 38.6621455601284
-75.774995803833 38.6621455601284
-75.6764243534633 38.6621455601284
-75.5778529030936 38.6621455601284
-75.4792814527239 38.6621455601284
-79.6192823682513 38.5635740007673
-79.5207109178816 38.5635740007673
-79.4221394675119 38.5635740007673
-79.3235680171422 38.5635740007673
-79.2249965667725 38.5635740007673
-79.1264251164028 38.5635740007673
-79.0278536660331 38.5635740007673
-78.9292822156634 38.5635740007673
-78.8307107652937 38.5635740007673
-78.732139314924 38.5635740007673
-78.6335678645543 38.5635740007673
-78.5349964141846 38.5635740007673
-78.4364249638149 38.5635740007673
-78.3378535134452 38.5635740007673
-78.2392820630755 38.5635740007673
-78.1407106127058 38.5635740007673
-78.0421391623361 38.5635740007673
-77.9435677119664 38.5635740007673
-77.8449962615967 38.5635740007673
-77.746424811227 38.5635740007673
-77.6478533608573 38.5635740007673
-77.5492819104876 38.5635740007673
-77.4507104601179 38.5635740007673
-77.3521390097482 38.5635740007673
-77.2535675593785 38.5635740007673
-77.1549961090088 38.5635740007673
-77.0564246586391 38.5635740007673
-76.9578532082694 38.5635740007673
-76.8592817578997 38.5635740007673
-76.76071030753 38.5635740007673
-76.6621388571603 38.5635740007673
-76.5635674067906 38.5635740007673
-76.4649959564209 38.5635740007673
-76.3664245060512 38.5635740007673
-76.2678530556815 38.5635740007673
-76.1692816053118 38.5635740007673
-76.0707101549421 38.5635740007673
-75.9721387045724 38.5635740007673
-75.8735672542027 38.5635740007673
-75.774995803833 38.5635740007673
-75.6764243534633 38.5635740007673
-75.5778529030936 38.5635740007673
-75.4792814527239 38.5635740007673
-79.6192823682513 38.4650024414062
-79.5207109178816 38.4650024414062
-79.4221394675119 38.4650024414062
-79.3235680171422 38.4650024414062
-79.2249965667725 38.4650024414062
-79.1264251164028 38.4650024414062
-79.0278536660331 38.4650024414062
-78.9292822156634 38.4650024414062
-78.8307107652937 38.4650024414062
-78.732139314924 38.4650024414062
-78.6335678645543 38.4650024414062
-78.5349964141846 38.4650024414062
-78.4364249638149 38.4650024414062
-78.3378535134452 38.4650024414062
-78.2392820630755 38.4650024414062
-78.1407106127058 38.4650024414062
-78.0421391623361 38.4650024414062
-77.9435677119664 38.4650024414062
-77.8449962615967 38.4650024414062
-77.746424811227 38.4650024414062
-77.6478533608573 38.4650024414062
-77.5492819104876 38.4650024414062
-77.4507104601179 38.4650024414062
-77.3521390097482 38.4650024414062
-77.2535675593785 38.4650024414062
-77.1549961090088 38.4650024414062
-77.0564246586391 38.4650024414062
-76.9578532082694 38.4650024414062
-76.8592817578997 38.4650024414062
-76.76071030753 38.4650024414062
-76.6621388571603 38.4650024414062
-76.5635674067906 38.4650024414062
-76.4649959564209 38.4650024414062
-76.3664245060512 38.4650024414062
-76.2678530556815 38.4650024414062
-76.1692816053118 38.4650024414062
-76.0707101549421 38.4650024414062
-75.9721387045724 38.4650024414062
-75.8735672542027 38.4650024414062
-75.774995803833 38.4650024414062
-75.6764243534633 38.4650024414062
-75.5778529030936 38.4650024414062
-75.4792814527239 38.4650024414062
-75.3807100023542 38.4650024414062
-75.2821385519845 38.4650024414062
-79.717853818621 38.3664308820452
-79.6192823682513 38.3664308820452
-79.5207109178816 38.3664308820452
-79.4221394675119 38.3664308820452
-79.3235680171422 38.3664308820452
-79.2249965667725 38.3664308820452
-79.1264251164028 38.3664308820452
-79.0278536660331 38.3664308820452
-78.9292822156634 38.3664308820452
-78.8307107652937 38.3664308820452
-78.732139314924 38.3664308820452
-78.6335678645543 38.3664308820452
-78.5349964141846 38.3664308820452
-78.4364249638149 38.3664308820452
-78.3378535134452 38.3664308820452
-78.2392820630755 38.3664308820452
-78.1407106127058 38.3664308820452
-78.0421391623361 38.3664308820452
-77.9435677119664 38.3664308820452
-77.8449962615967 38.3664308820452
-77.746424811227 38.3664308820452
-77.6478533608573 38.3664308820452
-77.5492819104876 38.3664308820452
-77.4507104601179 38.3664308820452
-77.3521390097482 38.3664308820452
-77.2535675593785 38.3664308820452
-77.1549961090088 38.3664308820452
-77.0564246586391 38.3664308820452
-76.9578532082694 38.3664308820452
-76.8592817578997 38.3664308820452
-76.76071030753 38.3664308820452
-76.6621388571603 38.3664308820452
-76.5635674067906 38.3664308820452
-76.4649959564209 38.3664308820452
-76.3664245060512 38.3664308820452
-76.2678530556815 38.3664308820452
-76.1692816053118 38.3664308820452
-76.0707101549421 38.3664308820452
-75.9721387045724 38.3664308820452
-75.8735672542027 38.3664308820452
-75.774995803833 38.3664308820452
-75.6764243534633 38.3664308820452
-75.5778529030936 38.3664308820452
-75.4792814527239 38.3664308820452
-75.3807100023542 38.3664308820452
-75.2821385519845 38.3664308820452
-79.717853818621 38.2678593226842
-79.6192823682513 38.2678593226842
-79.5207109178816 38.2678593226842
-79.4221394675119 38.2678593226842
-79.3235680171422 38.2678593226842
-79.2249965667725 38.2678593226842
-79.1264251164028 38.2678593226842
-79.0278536660331 38.2678593226842
-78.9292822156634 38.2678593226842
-78.8307107652937 38.2678593226842
-78.732139314924 38.2678593226842
-78.6335678645543 38.2678593226842
-78.5349964141846 38.2678593226842
-78.4364249638149 38.2678593226842
-78.3378535134452 38.2678593226842
-78.2392820630755 38.2678593226842
-78.1407106127058 38.2678593226842
-78.0421391623361 38.2678593226842
-77.9435677119664 38.2678593226842
-77.8449962615967 38.2678593226842
-77.746424811227 38.2678593226842
-77.6478533608573 38.2678593226842
-77.5492819104876 38.2678593226842
-77.4507104601179 38.2678593226842
-77.3521390097482 38.2678593226842
-77.2535675593785 38.2678593226842
-77.1549961090088 38.2678593226842
-77.0564246586391 38.2678593226842
-76.9578532082694 38.2678593226842
-76.8592817578997 38.2678593226842
-76.76071030753 38.2678593226842
-76.6621388571603 38.2678593226842
-76.5635674067906 38.2678593226842
-76.4649959564209 38.2678593226842
-76.3664245060512 38.2678593226842
-76.2678530556815 38.2678593226842
-76.1692816053118 38.2678593226842
-76.0707101549421 38.2678593226842
-75.9721387045724 38.2678593226842
-75.8735672542027 38.2678593226842
-75.774995803833 38.2678593226842
-75.6764243534633 38.2678593226842
-75.5778529030936 38.2678593226842
-75.4792814527239 38.2678593226842
-75.3807100023542 38.2678593226842
-75.2821385519845 38.2678593226842
-79.9149967193603 38.1692877633231
-79.8164252689907 38.1692877633231
-79.717853818621 38.1692877633231
-79.6192823682513 38.1692877633231
-79.5207109178816 38.1692877633231
-79.4221394675119 38.1692877633231
-79.3235680171422 38.1692877633231
-79.2249965667725 38.1692877633231
-79.1264251164028 38.1692877633231
-79.0278536660331 38.1692877633231
-78.9292822156634 38.1692877633231
-78.8307107652937 38.1692877633231
-78.732139314924 38.1692877633231
-78.6335678645543 38.1692877633231
-78.5349964141846 38.1692877633231
-78.4364249638149 38.1692877633231
-78.3378535134452 38.1692877633231
-78.2392820630755 38.1692877633231
-78.1407106127058 38.1692877633231
-78.0421391623361 38.1692877633231
-77.9435677119664 38.1692877633231
-77.8449962615967 38.1692877633231
-77.746424811227 38.1692877633231
-77.6478533608573 38.1692877633231
-77.5492819104876 38.1692877633231
-77.4507104601179 38.1692877633231
-77.3521390097482 38.1692877633231
-77.2535675593785 38.1692877633231
-77.1549961090088 38.1692877633231
-77.0564246586391 38.1692877633231
-76.9578532082694 38.1692877633231
-76.8592817578997 38.1692877633231
-76.76071030753 38.1692877633231
-76.6621388571603 38.1692877633231
-76.5635674067906 38.1692877633231
-76.4649959564209 38.1692877633231
-76.3664245060512 38.1692877633231
-76.2678530556815 38.1692877633231
-76.1692816053118 38.1692877633231
-76.0707101549421 38.1692877633231
-75.9721387045724 38.1692877633231
-75.8735672542027 38.1692877633231
-75.774995803833 38.1692877633231
-75.6764243534633 38.1692877633231
-75.5778529030936 38.1692877633231
-75.4792814527239 38.1692877633231
-75.3807100023542 38.1692877633231
-79.9149967193603 38.070716203962
-79.8164252689907 38.070716203962
-79.717853818621 38.070716203962
-79.6192823682513 38.070716203962
-79.5207109178816 38.070716203962
-79.4221394675119 38.070716203962
-79.3235680171422 38.070716203962
-79.2249965667725 38.070716203962
-79.1264251164028 38.070716203962
-79.0278536660331 38.070716203962
-78.9292822156634 38.070716203962
-78.8307107652937 38.070716203962
-78.732139314924 38.070716203962
-78.6335678645543 38.070716203962
-78.5349964141846 38.070716203962
-78.4364249638149 38.070716203962
-78.3378535134452 38.070716203962
-78.2392820630755 38.070716203962
-78.1407106127058 38.070716203962
-78.0421391623361 38.070716203962
-77.9435677119664 38.070716203962
-77.8449962615967 38.070716203962
-77.746424811227 38.070716203962
-77.6478533608573 38.070716203962
-77.5492819104876 38.070716203962
-77.4507104601179 38.070716203962
-77.3521390097482 38.070716203962
-77.2535675593785 38.070716203962
-77.1549961090088 38.070716203962
-77.0564246586391 38.070716203962
-76.9578532082694 38.070716203962
-76.8592817578997 38.070716203962
-76.76071030753 38.070716203962
-76.6621388571603 38.070716203962
-76.5635674067906 38.070716203962
-76.4649959564209 38.070716203962
-76.3664245060512 38.070716203962
-76.2678530556815 38.070716203962
-76.1692816053118 38.070716203962
-76.0707101549421 38.070716203962
-75.9721387045724 38.070716203962
-75.8735672542027 38.070716203962
-75.774995803833 38.070716203962
-75.6764243534633 38.070716203962
-75.5778529030936 38.070716203962
-75.4792814527239 38.070716203962
-80.01356816973 37.972144644601
-79.9149967193603 37.972144644601
-79.8164252689907 37.972144644601
-79.717853818621 37.972144644601
-79.6192823682513 37.972144644601
-79.5207109178816 37.972144644601
-79.4221394675119 37.972144644601
-79.3235680171422 37.972144644601
-79.2249965667725 37.972144644601
-79.1264251164028 37.972144644601
-79.0278536660331 37.972144644601
-78.9292822156634 37.972144644601
-78.8307107652937 37.972144644601
-78.732139314924 37.972144644601
-78.6335678645543 37.972144644601
-78.5349964141846 37.972144644601
-78.4364249638149 37.972144644601
-78.3378535134452 37.972144644601
-78.2392820630755 37.972144644601
-78.1407106127058 37.972144644601
-78.0421391623361 37.972144644601
-77.9435677119664 37.972144644601
-77.8449962615967 37.972144644601
-77.746424811227 37.972144644601
-77.6478533608573 37.972144644601
-77.5492819104876 37.972144644601
-77.4507104601179 37.972144644601
-77.3521390097482 37.972144644601
-77.2535675593785 37.972144644601
-77.1549961090088 37.972144644601
-77.0564246586391 37.972144644601
-76.9578532082694 37.972144644601
-76.8592817578997 37.972144644601
-76.76071030753 37.972144644601
-76.6621388571603 37.972144644601
-76.5635674067906 37.972144644601
-76.4649959564209 37.972144644601
-76.3664245060512 37.972144644601
-76.2678530556815 37.972144644601
-76.1692816053118 37.972144644601
-76.0707101549421 37.972144644601
-75.9721387045724 37.972144644601
-75.8735672542027 37.972144644601
-75.774995803833 37.972144644601
-75.6764243534633 37.972144644601
-75.5778529030936 37.972144644601
-80.1121396200998 37.87357308524
-80.01356816973 37.87357308524
-79.9149967193603 37.87357308524
-79.8164252689907 37.87357308524
-79.717853818621 37.87357308524
-79.6192823682513 37.87357308524
-79.5207109178816 37.87357308524
-79.4221394675119 37.87357308524
-79.3235680171422 37.87357308524
-79.2249965667725 37.87357308524
-79.1264251164028 37.87357308524
-79.0278536660331 37.87357308524
-78.9292822156634 37.87357308524
-78.8307107652937 37.87357308524
-78.732139314924 37.87357308524
-78.6335678645543 37.87357308524
-78.5349964141846 37.87357308524
-78.4364249638149 37.87357308524
-78.3378535134452 37.87357308524
-78.2392820630755 37.87357308524
-78.1407106127058 37.87357308524
-78.0421391623361 37.87357308524
-77.9435677119664 37.87357308524
-77.8449962615967 37.87357308524
-77.746424811227 37.87357308524
-77.6478533608573 37.87357308524
-77.5492819104876 37.87357308524
-77.4507104601179 37.87357308524
-77.3521390097482 37.87357308524
-77.2535675593785 37.87357308524
-77.1549961090088 37.87357308524
-77.0564246586391 37.87357308524
-76.9578532082694 37.87357308524
-76.8592817578997 37.87357308524
-76.76071030753 37.87357308524
-76.6621388571603 37.87357308524
-76.5635674067906 37.87357308524
-76.4649959564209 37.87357308524
-76.3664245060512 37.87357308524
-76.2678530556815 37.87357308524
-76.1692816053118 37.87357308524
-76.0707101549421 37.87357308524
-75.9721387045724 37.87357308524
-75.8735672542027 37.87357308524
-75.774995803833 37.87357308524
-75.6764243534633 37.87357308524
-75.5778529030936 37.87357308524
-80.2107110704694 37.7750015258789
-80.1121396200998 37.7750015258789
-80.01356816973 37.7750015258789
-79.9149967193603 37.7750015258789
-79.8164252689907 37.7750015258789
-79.717853818621 37.7750015258789
-79.6192823682513 37.7750015258789
-79.5207109178816 37.7750015258789
-79.4221394675119 37.7750015258789
-79.3235680171422 37.7750015258789
-79.2249965667725 37.7750015258789
-79.1264251164028 37.7750015258789
-79.0278536660331 37.7750015258789
-78.9292822156634 37.7750015258789
-78.8307107652937 37.7750015258789
-78.732139314924 37.7750015258789
-78.6335678645543 37.7750015258789
-78.5349964141846 37.7750015258789
-78.4364249638149 37.7750015258789
-78.3378535134452 37.7750015258789
-78.2392820630755 37.7750015258789
-78.1407106127058 37.7750015258789
-78.0421391623361 37.7750015258789
-77.9435677119664 37.7750015258789
-77.8449962615967 37.7750015258789
-77.746424811227 37.7750015258789
-77.6478533608573 37.7750015258789
-77.5492819104876 37.7750015258789
-77.4507104601179 37.7750015258789
-77.3521390097482 37.7750015258789
-77.2535675593785 37.7750015258789
-77.1549961090088 37.7750015258789
-77.0564246586391 37.7750015258789
-76.9578532082694 37.7750015258789
-76.8592817578997 37.7750015258789
-76.76071030753 37.7750015258789
-76.6621388571603 37.7750015258789
-76.5635674067906 37.7750015258789
-76.4649959564209 37.7750015258789
-76.3664245060512 37.7750015258789
-76.2678530556815 37.7750015258789
-76.1692816053118 37.7750015258789
-76.0707101549421 37.7750015258789
-75.9721387045724 37.7750015258789
-75.8735672542027 37.7750015258789
-75.774995803833 37.7750015258789
-75.6764243534633 37.7750015258789
-80.3092825208391 37.6764299665179
-80.2107110704694 37.6764299665179
-80.1121396200998 37.6764299665179
-80.01356816973 37.6764299665179
-79.9149967193603 37.6764299665179
-79.8164252689907 37.6764299665179
-79.717853818621 37.6764299665179
-79.6192823682513 37.6764299665179
-79.5207109178816 37.6764299665179
-79.4221394675119 37.6764299665179
-79.3235680171422 37.6764299665179
-79.2249965667725 37.6764299665179
-79.1264251164028 37.6764299665179
-79.0278536660331 37.6764299665179
-78.9292822156634 37.6764299665179
-78.8307107652937 37.6764299665179
-78.732139314924 37.6764299665179
-78.6335678645543 37.6764299665179
-78.5349964141846 37.6764299665179
-78.4364249638149 37.6764299665179
-78.3378535134452 37.6764299665179
-78.2392820630755 37.6764299665179
-78.1407106127058 37.6764299665179
-78.0421391623361 37.6764299665179
-77.9435677119664 37.6764299665179
-77.8449962615967 37.6764299665179
-77.746424811227 37.6764299665179
-77.6478533608573 37.6764299665179
-77.5492819104876 37.6764299665179
-77.4507104601179 37.6764299665179
-77.3521390097482 37.6764299665179
-77.2535675593785 37.6764299665179
-77.1549961090088 37.6764299665179
-77.0564246586391 37.6764299665179
-76.9578532082694 37.6764299665179
-76.8592817578997 37.6764299665179
-76.76071030753 37.6764299665179
-76.6621388571603 37.6764299665179
-76.5635674067906 37.6764299665179
-76.4649959564209 37.6764299665179
-76.3664245060512 37.6764299665179
-76.2678530556815 37.6764299665179
-76.1692816053118 37.6764299665179
-76.0707101549421 37.6764299665179
-75.9721387045724 37.6764299665179
-75.8735672542027 37.6764299665179
-75.774995803833 37.6764299665179
-80.3092825208391 37.5778584071568
-80.2107110704694 37.5778584071568
-80.1121396200998 37.5778584071568
-80.01356816973 37.5778584071568
-79.9149967193603 37.5778584071568
-79.8164252689907 37.5778584071568
-79.717853818621 37.5778584071568
-79.6192823682513 37.5778584071568
-79.5207109178816 37.5778584071568
-79.4221394675119 37.5778584071568
-79.3235680171422 37.5778584071568
-79.2249965667725 37.5778584071568
-79.1264251164028 37.5778584071568
-79.0278536660331 37.5778584071568
-78.9292822156634 37.5778584071568
-78.8307107652937 37.5778584071568
-78.732139314924 37.5778584071568
-78.6335678645543 37.5778584071568
-78.5349964141846 37.5778584071568
-78.4364249638149 37.5778584071568
-78.3378535134452 37.5778584071568
-78.2392820630755 37.5778584071568
-78.1407106127058 37.5778584071568
-78.0421391623361 37.5778584071568
-77.9435677119664 37.5778584071568
-77.8449962615967 37.5778584071568
-77.746424811227 37.5778584071568
-77.6478533608573 37.5778584071568
-77.5492819104876 37.5778584071568
-77.4507104601179 37.5778584071568
-77.3521390097482 37.5778584071568
-77.2535675593785 37.5778584071568
-77.1549961090088 37.5778584071568
-77.0564246586391 37.5778584071568
-76.9578532082694 37.5778584071568
-76.8592817578997 37.5778584071568
-76.76071030753 37.5778584071568
-76.6621388571603 37.5778584071568
-76.5635674067906 37.5778584071568
-76.4649959564209 37.5778584071568
-76.3664245060512 37.5778584071568
-76.2678530556815 37.5778584071568
-76.1692816053118 37.5778584071568
-76.0707101549421 37.5778584071568
-75.9721387045724 37.5778584071568
-75.8735672542027 37.5778584071568
-80.4078539712089 37.4792868477958
-80.3092825208391 37.4792868477958
-80.2107110704694 37.4792868477958
-80.1121396200998 37.4792868477958
-80.01356816973 37.4792868477958
-79.9149967193603 37.4792868477958
-79.8164252689907 37.4792868477958
-79.717853818621 37.4792868477958
-79.6192823682513 37.4792868477958
-79.3235680171422 37.4792868477958
-79.2249965667725 37.4792868477958
-79.1264251164028 37.4792868477958
-79.0278536660331 37.4792868477958
-78.9292822156634 37.4792868477958
-78.8307107652937 37.4792868477958
-78.732139314924 37.4792868477958
-78.6335678645543 37.4792868477958
-78.5349964141846 37.4792868477958
-78.4364249638149 37.4792868477958
-78.3378535134452 37.4792868477958
-78.2392820630755 37.4792868477958
-78.1407106127058 37.4792868477958
-78.0421391623361 37.4792868477958
-77.9435677119664 37.4792868477958
-77.8449962615967 37.4792868477958
-77.746424811227 37.4792868477958
-77.6478533608573 37.4792868477958
-77.5492819104876 37.4792868477958
-77.4507104601179 37.4792868477958
-77.3521390097482 37.4792868477958
-77.2535675593785 37.4792868477958
-77.1549961090088 37.4792868477958
-77.0564246586391 37.4792868477958
-76.9578532082694 37.4792868477958
-76.8592817578997 37.4792868477958
-76.76071030753 37.4792868477958
-76.6621388571603 37.4792868477958
-76.5635674067906 37.4792868477958
-76.4649959564209 37.4792868477958
-76.3664245060512 37.4792868477958
-76.2678530556815 37.4792868477958
-76.1692816053118 37.4792868477958
-76.0707101549421 37.4792868477958
-75.9721387045724 37.4792868477958
-75.8735672542027 37.4792868477958
-80.5064254215785 37.3807152884347
-80.2107110704694 37.3807152884347
-80.1121396200998 37.3807152884347
-79.2249965667725 37.3807152884347
-79.1264251164028 37.3807152884347
-79.0278536660331 37.3807152884347
-78.9292822156634 37.3807152884347
-78.8307107652937 37.3807152884347
-78.732139314924 37.3807152884347
-78.6335678645543 37.3807152884347
-78.5349964141846 37.3807152884347
-78.4364249638149 37.3807152884347
-78.3378535134452 37.3807152884347
-78.2392820630755 37.3807152884347
-78.1407106127058 37.3807152884347
-78.0421391623361 37.3807152884347
-77.9435677119664 37.3807152884347
-77.8449962615967 37.3807152884347
-77.746424811227 37.3807152884347
-77.6478533608573 37.3807152884347
-77.5492819104876 37.3807152884347
-77.4507104601179 37.3807152884347
-77.3521390097482 37.3807152884347
-77.2535675593785 37.3807152884347
-77.1549961090088 37.3807152884347
-77.0564246586391 37.3807152884347
-76.9578532082694 37.3807152884347
-76.8592817578997 37.3807152884347
-76.76071030753 37.3807152884347
-76.6621388571603 37.3807152884347
-76.5635674067906 37.3807152884347
-76.4649959564209 37.3807152884347
-76.3664245060512 37.3807152884347
-76.2678530556815 37.3807152884347
-76.1692816053118 37.3807152884347
-76.0707101549421 37.3807152884347
-75.9721387045724 37.3807152884347
-79.1264251164028 37.2821437290737
-78.6335678645543 37.2821437290737
-78.5349964141846 37.2821437290737
-78.4364249638149 37.2821437290737
-78.3378535134452 37.2821437290737
-78.2392820630755 37.2821437290737
-78.1407106127058 37.2821437290737
-78.0421391623361 37.2821437290737
-77.9435677119664 37.2821437290737
-77.8449962615967 37.2821437290737
-77.746424811227 37.2821437290737
-77.6478533608573 37.2821437290737
-77.5492819104876 37.2821437290737
-77.4507104601179 37.2821437290737
-77.3521390097482 37.2821437290737
-77.2535675593785 37.2821437290737
-77.1549961090088 37.2821437290737
-77.0564246586391 37.2821437290737
-76.9578532082694 37.2821437290737
-76.8592817578997 37.2821437290737
-76.76071030753 37.2821437290737
-76.6621388571603 37.2821437290737
-76.5635674067906 37.2821437290737
-76.4649959564209 37.2821437290737
-76.3664245060512 37.2821437290737
-76.2678530556815 37.2821437290737
-76.1692816053118 37.2821437290737
-76.0707101549421 37.2821437290737
-75.9721387045724 37.2821437290737
-78.6335678645543 37.1835721697126
-78.5349964141846 37.1835721697126
-78.4364249638149 37.1835721697126
-78.3378535134452 37.1835721697126
-78.2392820630755 37.1835721697126
-78.0421391623361 37.1835721697126
-77.9435677119664 37.1835721697126
-77.8449962615967 37.1835721697126
-77.746424811227 37.1835721697126
-77.6478533608573 37.1835721697126
-77.4507104601179 37.1835721697126
-77.1549961090088 37.1835721697126
-77.0564246586391 37.1835721697126
-76.9578532082694 37.1835721697126
-76.8592817578997 37.1835721697126
-76.76071030753 37.1835721697126
-76.6621388571603 37.1835721697126
-76.5635674067906 37.1835721697126
-76.4649959564209 37.1835721697126
-76.3664245060512 37.1835721697126
-76.2678530556815 37.1835721697126
-76.1692816053118 37.1835721697126
-76.0707101549421 37.1835721697126
-75.9721387045724 37.1835721697126
-78.4364249638149 37.0850006103516
-76.76071030753 37.0850006103516
-76.6621388571603 37.0850006103516
-76.5635674067906 37.0850006103516
-76.4649959564209 37.0850006103516
-76.3664245060512 37.0850006103516
-76.2678530556815 37.0850006103516
-76.1692816053118 37.0850006103516
-76.0707101549421 37.0850006103516
-76.6621388571603 36.9864290509905
-76.5635674067906 36.9864290509905
-76.4649959564209 36.9864290509905
-76.3664245060512 36.9864290509905
-76.2678530556815 36.9864290509905
-76.1692816053118 36.9864290509905
-76.0707101549421 36.9864290509905
-76.6621388571603 36.8878574916295
-76.5635674067906 36.8878574916295
-76.4649959564209 36.8878574916295
-76.3664245060512 36.8878574916295
-76.2678530556815 36.8878574916295
-76.1692816053118 36.8878574916295
-76.0707101549421 36.8878574916295
-76.76071030753 36.7892859322684
-76.6621388571603 36.7892859322684
-76.5635674067906 36.7892859322684
-76.4649959564209 36.7892859322684
-76.3664245060512 36.7892859322684
-76.2678530556815 36.7892859322684
-76.6621388571603 36.6907143729074
-76.5635674067906 36.6907143729074
-76.3664245060512 36.6907143729074
